Min     = 47.0
Max     = 100.0
Mean    = 76.16666666666667
Median  = 76.16666666666667
